0
0
226
-26.0 0.04935596146813145
-24.0 -0.0716595071577627
-22.0 0.0926158508131826
-20.0 -0.0903734798507301
-18.0 0.10565968756944409
-16.0 -0.08048439271465095
-14.0 -0.010380636836670308
-12.0 0.25709867916079243
-10.0 -0.6476495291038968
-8.0 1.183434306900397
-6.0 -1.8111379071646243
-4.0 2.587852059745362
-2.0 -3.6750401185451036
0.0 -21.176903024270963
2.0 -16.4696931835159
4.0 -17.593978810544
6.0 -20.558516006767597
8.0 -18.985068539802715
10.0 -20.248179369100743
12.0 -20.01654243552581
14.0 -21.0597248234272
16.0 -19.785866133260882
18.0 -18.966381558522816
20.0 -10.351833557621513
22.0 -4.455348969055211
24.0 -3.924691676019571
26.0 5.796740312948467
28.0 9.796751457105694
30.0 7.30289307556036
32.0 9.598066519049583
34.0 5.541109301042159
36.0 -0.4124514194923169
38.0 4.775911629083823
40.0 11.391207385713914
42.0 13.63301907990289
44.0 21.9901464849967
46.0 20.567242494718798
48.0 9.314502218150704
50.0 19.481924172948748
52.0 24.63404152617284
54.0 21.58794470873667
56.0 34.53656939401792
58.0 34.64908745360588
60.0 26.827369540447325
62.0 29.04065722084755
64.0 24.515032761910177
66.0 18.74954673175516
68.0 8.206265702297348
70.0 -1.3295331108532753
72.0 -5.237903736989409
74.0 -15.74046259578036
76.0 -19.62936435537128
78.0 -19.417141682275098
80.0 -20.857658160110475
82.0 -19.787143743184654
84.0 -19.898124605729013
86.0 -19.649465500235067
88.0 -21.286012409767874
90.0 -25.047606774714232
92.0 -26.333286113779575
94.0 -27.265343166294443
96.0 -27.062455358099083
98.0 -26.363183992005435
100.0 -27.855911706431385
102.0 -28.585293447232303
104.0 -31.828179833364374
106.0 -30.758130174186064
108.0 -29.272039209114112
110.0 -29.588994153121604
112.0 -40.03487193778683
114.0 -56.36599779477918
116.0 -57.631821567993256
118.0 -46.79146913166162
120.0 -23.653709436050686
122.0 32.31859004205935
124.0 106.68580183477823
126.0 176.97446476977024
128.0 307.9948319255721
130.0 399.4362365325095
132.0 388.426176069904
134.0 450.7767127632951
136.0 404.526627701287
138.0 259.862194578541
140.0 280.16412888988003
142.0 217.07920353193077
144.0 103.6807246847283
146.0 66.08804673807995
148.0 10.115199817209536
150.0 -14.437154880626174
152.0 -18.278713271298816
154.0 -13.194634484857746
156.0 -2.500603036821802
158.0 -3.5584941258204545
160.0 -2.8791931046706654
162.0 -1.0816055496400123
164.0 -10.081832553946125
166.0 -10.985625079252276
168.0 -8.15224565534982
170.0 -6.863034170489728
172.0 -6.125950070613566
174.0 -8.491959644904968
176.0 -9.940888499340375
178.0 -10.287166650272937
180.0 -7.819819266047581
182.0 -8.080040098818634
184.0 -6.470640315268482
186.0 -3.8294643103643367
188.0 -2.353398338017513
190.0 -1.1605206667324612
192.0 0.8812097537380823
194.0 3.127196002569747
196.0 6.797708219861126
198.0 11.904526481668245
200.0 9.35404779046683
202.0 8.792029193482408
204.0 11.936340046440812
206.0 13.718874259962927
208.0 17.266005298867483
210.0 21.35647486725112
212.0 20.39577994567128
214.0 21.75083298846229
216.0 26.896970035105777
218.0 27.464760478558027
220.0 30.24683045676581
222.0 32.8446225747217
224.0 34.25160089866241
226.0 36.52110557525588
228.0 38.37358740958539
230.0 45.475948706265854
232.0 50.016235837715406
234.0 51.85754902880474
236.0 56.542306045493895
238.0 60.060098059629794
240.0 63.42605846709466
242.0 68.63048301405074
244.0 72.34520421341165
246.0 74.34100241868352
248.0 81.74742985026005
250.0 87.33676106902855
252.0 91.76586947930431
254.0 101.20401329989652
256.0 109.18407392844665
258.0 117.3287156222282
260.0 125.86579231137115
262.0 132.6873911010534
264.0 139.76307906336254
266.0 145.41987376724492
268.0 153.17851836170865
270.0 162.86509642320308
272.0 172.44576619984343
274.0 180.5920926965403
276.0 186.52694839012392
278.0 193.64194099809134
280.0 199.9357383137574
282.0 205.57661343720432
284.0 211.6541326831213
286.0 215.54177252209413
288.0 218.97433335519568
290.0 221.1473468857873
292.0 223.56380858764192
294.0 226.5073953434269
296.0 222.58456433040564
298.0 218.44077701399766
300.0 213.26670949991902
302.0 202.509217067419
304.0 190.36971677280695
306.0 176.81450454300446
308.0 160.60217966302534
310.0 146.56979801649808
312.0 134.32840918151808
314.0 118.08207828284728
316.0 102.62384644822376
318.0 88.82955561248575
320.0 72.28567836575553
322.0 60.52349230627885
324.0 52.66799558572208
326.0 39.93531939173144
328.0 30.5109676627673
330.0 24.19838933456022
332.0 15.113521184228627
334.0 10.193653475355507
336.0 8.231175308243525
338.0 1.8080342763671633
340.0 -1.1563031530576977
342.0 -2.1242796950521554
344.0 -5.76285598845326
346.0 -7.683113507513298
348.0 -9.731375957857923
350.0 -10.822057963434485
352.0 -11.91182329549969
354.0 -12.513212119467969
356.0 -13.267489964627794
358.0 -12.57863835781252
360.0 -10.598288831350958
362.0 -11.92441922547204
364.0 -12.812997141419869
366.0 -12.772146313382324
368.0 -13.42784811365174
370.0 -13.31240531136916
372.0 -11.610729573337212
374.0 -14.645315728612168
376.0 -15.182429522122764
378.0 -11.456899924318648
380.0 -14.339628311964397
382.0 -12.781673348426535
384.0 -9.071420931610803
386.0 -9.700855784822457
388.0 -9.983705184046219
390.0 -12.78051108058442
392.0 -12.972605408444236
394.0 -13.268249540588116
396.0 -16.377361344902116
398.0 -11.191629400205127
400.0 -11.009622433042848
402.0 -14.412857287618328
404.0 -10.606652671473327
406.0 -9.358221899814682
408.0 -8.027860189625255
410.0 -10.14928798812177
412.0 -11.692322310333145
414.0 -10.862346737738054
416.0 -12.119500712103745
418.0 -11.878075314516025
420.0 -11.201692092130333
422.0 -10.894573910875508
424.0 -9.682478163457686
